#EAST NORTH ELEV Kg/m^2 [-6->-5) [-5->-4) [-4->-3) [-3->-2) [-2->-1) [-1->0) [0->1) [1->2) [2->3) [3->4) [4->5) [5->6) (percent)
10915 8994 0 365.431 2.07598e-14 3.2458e-10 1.09824e-06 0.00073397 0.100094 3.15088 39.5698 47.5527 9.01591 0.601313 0.00842636 0.000100887 
11426 12969 0 241.41 4.55884e-20 1.63559e-14 8.09661e-10 4.90722e-06 0.00384743 0.473853 18.2531 65.0084 15.2323 1.01492 0.0133436 0.000153935 
13086 18338 0 126.88 3.63308e-32 8.77811e-24 1.1287e-16 6.50548e-11 1.88063e-06 0.00390796 1.45929 67.0686 29.3016 2.13921 0.0270397 0.000296478 
10001 11469 0 317.027 3.27349e-16 1.40164e-11 1.12484e-07 0.000152949 0.0366443 1.78871 32.3342 54.2063 10.9011 0.722938 0.00987063 0.000116614 
15252 11657 0 184.47 4.27564e-24 1.36469e-17 4.37351e-12 1.22664e-07 0.000323978 0.103218 8.44252 69.968 20.0873 1.38046 0.0178717 0.000202335 
20187 15356 0 98.3216 4.51871e-40 7.36016e-30 3.42677e-21 3.7155e-14 1.09229e-08 0.000139931 0.236535 58.3301 38.4543 2.9424 0.0361523 0.000385309 
22215 19797 0 65.6123 3.43111e-54 9.80783e-41 2.65289e-29 5.20535e-20 9.26634e-13 2.96699e-07 0.00723929 38.5996 56.5261 4.80944 0.0570871 0.000583766 
22629 20029 0 62.456 8.10091e-56 5.44631e-42 3.0528e-30 1.08589e-20 3.09079e-13 1.43002e-07 0.00471239 36.1978 58.6576 5.07896 0.06026 0.000613929 
20256 21506 0 67.7823 1.86572e-53 3.62779e-40 7.06668e-29 1.06056e-19 1.52805e-12 4.14478e-07 0.00887407 39.8469 55.4281 4.66044 0.0551721 0.000564847 
17332 26368 0 46.5932 1.15461e-60 9.56454e-46 4.55575e-33 9.29711e-23 1.05004e-14 1.43181e-08 0.0010511 27.2026 66.2215 6.493 0.0809872 0.000824221 
8578 11202 0 356.126 2.37561e-14 3.59603e-10 1.18355e-06 0.00077329 0.103595 3.21664 39.4116 47.5408 9.10563 0.612146 0.00863287 0.000103498 
8854 8975 0 479.027 4.43433e-12 1.85153e-08 2.01595e-05 0.0052967 0.344379 6.09977 48.8159 37.7597 6.53346 0.435044 0.00629107 7.66778e-05 
10661 16305 0 162.17 1.00223e-24 4.4706e-18 1.90707e-12 6.76342e-08 0.000215214 0.0793566 6.98689 69.7437 21.6304 1.53893 0.0203107 0.00023017 
10217 10888 0 335.235 1.01527e-15 3.30535e-11 2.09743e-07 0.000235104 0.0483208 2.09296 34.5415 52.3514 10.2771 0.67906 0.00930116 0.000110209 
15293 21799 0 81.5031 6.62095e-44 8.17751e-33 2.13966e-23 9.50752e-16 8.51678e-10 2.61463e-05 0.088327 52.1771 44.1295 3.56054 0.0441094 0.000466025 
19726 20749 0 74.7246 2.38233e-50 9.01569e-38 4.3551e-27 2.0934e-18 1.22821e-11 1.64663e-06 0.0198003 44.5069 51.2464 4.17685 0.0495588 0.000511265 
11441 22273 0 73.1607 4.03159e-39 3.81971e-29 1.12104e-20 8.34118e-14 1.82287e-08 0.000185131 0.22137 55.0072 41.188 3.53521 0.0475198 0.000516084 
23659 17966 0 61.7341 5.00723e-54 1.29858e-40 3.23314e-29 5.92931e-20 1.00084e-12 3.07362e-07 0.00701524 37.8395 57.1058 4.98673 0.0603845 0.000619995 
17551 23112 0 66.3138 1.13465e-51 8.51851e-39 7.37644e-28 5.71119e-19 4.88195e-12 8.79263e-07 0.0129657 41.3325 53.9956 4.60256 0.0558083 0.000576249 
21636 23044 0 55.0998 7.60665e-61 7.17001e-46 3.81212e-33 8.50852e-23 1.03098e-14 1.48569e-08 0.00124768 29.3782 64.6716 5.8789 0.0693527 0.000698249 
12856 10133 0 260.712 2.72175e-18 3.6837e-13 7.92079e-09 2.42113e-05 0.0110319 0.889262 23.8075 60.8876 13.487 0.905213 0.0121817 0.000142183 
16429 3831 0 83.3072 3.81157e-19 7.96857e-14 2.49245e-09 1.04061e-05 0.00610278 0.60156 11.4766 62.286 23.4148 2.17783 0.0366513 0.000442651 
16153 7824 0 147.082 2.22434e-21 1.60718e-15 1.44884e-10 1.43803e-06 0.00167003 0.28003 11.4516 66.6769 20.0454 1.52241 0.0216998 0.00025243 
11054 16325 0 162.359 2.93672e-25 1.74812e-18 9.53978e-13 4.13952e-08 0.000154527 0.0645654 6.37131 69.992 21.9948 1.55659 0.0203714 0.000230069 
11745 17018 0 149.246 1.61907e-27 3.24672e-20 4.99575e-14 5.06671e-09 3.70438e-05 0.0262059 4.00442 69.862 24.3469 1.73774 0.0224461 0.000250889 
19117 17195 0 101.303 4.14755e-41 1.18027e-30 8.83985e-22 1.41332e-14 5.64575e-09 9.19845e-05 0.195418 57.8451 38.9884 2.93528 0.0353612 0.000374476 
16739 19016 0 104.901 5.55113e-40 8.68131e-30 3.90394e-21 4.11401e-14 1.18234e-08 0.000148789 0.255063 59.2887 37.6105 2.81123 0.0339887 0.000361288 
17592 13272 0 137.81 6.80394e-31 8.35371e-23 6.02997e-16 2.1669e-10 4.31041e-06 0.0066812 1.99251 68.4811 27.5252 1.96947 0.024789 0.000272706 
29005 15254 0 34.0866 2.75164e-65 2.43928e-49 8.75773e-36 9.29641e-25 3.85529e-16 1.45756e-09 0.000220426 19.2518 72.3861 8.25041 0.110355 0.00112738 
32227 21688 0 26.8541 7.35128e-91 3.99042e-69 1.22876e-50 1.38674e-35 8.57929e-24 9.98611e-15 1.79025e-07 4.68622 83.2285 11.9333 0.150486 0.00145412 
