PLUME_MODEL=[2]Beta Distribution with ALPHA and BETA parameteres
EXIT[get_points]:Read 10 points.
ENTER[get_wind].
[0] 1000.000000 1.000000 45.000000
[1] 1140.000000 1.140000 45.000000
[2] 1280.000000 1.280000 45.000000
[3] 1420.000000 1.420000 45.000000
[4] 1560.000000 1.560000 45.000000
[5] 1700.000000 1.700000 45.000000
[6] 1840.000000 1.840000 45.000000
[7] 1980.000000 1.980000 45.000000
[8] 2120.000000 2.120000 45.000000
[9] 2260.000000 2.260000 45.000000
[10] 2400.000000 2.400000 45.000000
[11] 2540.000000 2.540000 45.000000
[12] 2680.000000 2.680000 45.000000
[13] 2820.000000 2.820000 45.000000
[14] 2960.000000 2.960000 45.000000
[15] 3100.000000 3.100000 45.000000
[16] 3240.000000 3.240000 45.000000
[17] 3380.000000 3.380000 45.000000
[18] 3520.000000 3.520000 45.000000
[19] 3660.000000 3.660000 45.000000
[20] 3800.000000 3.800000 45.000000
[21] 3940.000000 3.940000 45.000000
[22] 4080.000000 4.080000 45.000000
[23] 4220.000000 4.220000 45.000000
[24] 4360.000000 4.360000 45.000000
[25] 4500.000000 4.500000 45.000000
[26] 4640.000000 4.640000 45.000000
[27] 4780.000000 4.780000 45.000000
[28] 4920.000000 4.920000 45.000000
[29] 5060.000000 5.060000 45.000000
[30] 5200.000000 5.200000 45.000000
[31] 5340.000000 5.340000 45.000000
[32] 5480.000000 5.480000 45.000000
[33] 5620.000000 5.620000 45.000000
[34] 5760.000000 5.760000 45.000000
[35] 5900.000000 5.900000 45.000000
[36] 6040.000000 6.040000 45.000000
[37] 6180.000000 6.180000 45.000000
[38] 6320.000000 6.320000 45.000000
[39] 6460.000000 6.460000 45.000000
[40] 6600.000000 6.600000 45.000000
[41] 6740.000000 6.740000 45.000000
[42] 6880.000000 6.880000 45.000000
[43] 7020.000000 7.020000 45.000000
[44] 7160.000000 7.160000 45.000000
[45] 7300.000000 7.300000 45.000000
[46] 7440.000000 7.440000 45.000000
[47] 7580.000000 7.580000 45.000000
[48] 7720.000000 7.720000 45.000000
[49] 7860.000000 7.860000 45.000000
[50] 8000.000000 8.000000 45.000000
[51] 8140.000000 8.140000 45.000000
[52] 8280.000000 8.280000 45.000000
[53] 8420.000000 8.420000 45.000000
[54] 8560.000000 8.560000 45.000000
[55] 8700.000000 8.700000 45.000000
[56] 8840.000000 8.840000 45.000000
[57] 8980.000000 8.980000 45.000000
[58] 9120.000000 9.120000 45.000000
[59] 9260.000000 9.260000 45.000000
[60] 9400.000000 9.400000 45.000000
[61] 9540.000000 9.540000 45.000000
[62] 9680.000000 9.680000 45.000000
[63] 9820.000000 9.820000 45.000000
[64] 9960.000000 9.960000 45.000000
[65] 10100.000000 9.900000 45.000000
[66] 10240.000000 9.760000 45.000000
[67] 10380.000000 9.620000 45.000000
[68] 10520.000000 9.480000 45.000000
[69] 10660.000000 9.340000 45.000000
[70] 10800.000000 9.200000 45.000000
[71] 10940.000000 9.060000 45.000000
[72] 11080.000000 8.920000 45.000000
[73] 11220.000000 8.780000 45.000000
[74] 11360.000000 8.640000 45.000000
[75] 11500.000000 8.500000 45.000000
[76] 11640.000000 8.360000 45.000000
[77] 11780.000000 8.220000 45.000000
[78] 11920.000000 8.080000 45.000000
[79] 12060.000000 7.940000 45.000000
[80] 12200.000000 7.800000 45.000000
[81] 12340.000000 7.660000 45.000000
[82] 12480.000000 7.520000 45.000000
[83] 12620.000000 7.380000 45.000000
[84] 12760.000000 7.240000 45.000000
[85] 12900.000000 7.100000 45.000000
[86] 13040.000000 6.960000 45.000000
[87] 13180.000000 6.820000 45.000000
[88] 13320.000000 6.680000 45.000000
[89] 13460.000000 6.540000 45.000000
[90] 13600.000000 6.400000 45.000000
[91] 13740.000000 6.260000 45.000000
[92] 13880.000000 6.120000 45.000000
[93] 14020.000000 5.980000 45.000000
[94] 14160.000000 5.840000 45.000000
[95] 14300.000000 5.700000 45.000000
[96] 14440.000000 5.560000 45.000000
[97] 14580.000000 5.420000 45.000000
[98] 14720.000000 5.280000 45.000000
[99] 14860.000000 5.140000 45.000000
[100] 15000.000000 5.000000 45.000000
	Read 1 wind days with 101 wind levels per day.
EXIT[get_wind].
Finished.
