PLUME_MODEL=[2]Beta Distribution with ALPHA and BETA parameteres
EXIT[get_points]:Read 30 points.
ENTER[get_wind].
[0] 1000.000000 0.976952 45.000000
[1] 1137.097883 1.110890 45.000000
[2] 1274.195767 1.244828 45.000000
[3] 1411.293650 1.378766 45.000000
[4] 1548.391533 1.512704 45.000000
[5] 1685.489416 1.646642 45.000000
[6] 1822.587300 1.780580 45.000000
[7] 1959.685183 1.914518 45.000000
[8] 2096.783066 2.048456 45.000000
[9] 2233.880949 2.182394 45.000000
[10] 2370.978833 2.316333 45.000000
[11] 2508.076716 2.450271 45.000000
[12] 2645.174599 2.584209 45.000000
[13] 2782.272483 2.718147 45.000000
[14] 2919.370366 2.852085 45.000000
[15] 3056.468249 2.986023 45.000000
[16] 3193.566132 3.119961 45.000000
[17] 3330.664016 3.253899 45.000000
[18] 3467.761899 3.387837 45.000000
[19] 3604.859782 3.521776 45.000000
[20] 3741.957665 3.655714 45.000000
[21] 3879.055549 3.789652 45.000000
[22] 4016.153432 3.923590 45.000000
[23] 4153.251315 4.057528 45.000000
[24] 4290.349198 4.191466 45.000000
[25] 4427.447082 4.325404 45.000000
[26] 4564.544965 4.459342 45.000000
[27] 4701.642848 4.593280 45.000000
[28] 4838.740732 4.727218 45.000000
[29] 4975.838615 4.861156 45.000000
[30] 5112.936498 4.995095 45.000000
[31] 5250.034381 5.129033 45.000000
[32] 5387.132265 5.262971 45.000000
[33] 5524.230148 5.396909 45.000000
[34] 5661.328031 5.530847 45.000000
[35] 5798.425914 5.664785 45.000000
[36] 5935.523798 5.798723 45.000000
[37] 6072.621681 5.932661 45.000000
[38] 6209.719564 6.066599 45.000000
[39] 6346.817448 6.200537 45.000000
[40] 6483.915331 6.334475 45.000000
[41] 6621.013214 6.468413 45.000000
[42] 6758.111097 6.602351 45.000000
[43] 6895.208981 6.736289 45.000000
[44] 7032.306864 6.870227 45.000000
[45] 7169.404747 7.004165 45.000000
[46] 7306.502630 7.138103 45.000000
[47] 7443.600514 7.272041 45.000000
[48] 7580.698397 7.405979 45.000000
[49] 7717.796280 7.539918 45.000000
[50] 7854.894164 7.673856 45.000000
[51] 7991.992047 7.807794 45.000000
[52] 8129.089930 7.941732 45.000000
[53] 8266.187813 8.075670 45.000000
[54] 8403.285697 8.209608 45.000000
[55] 8540.383580 8.343546 45.000000
[56] 8677.481463 8.477484 45.000000
[57] 8814.579346 8.611422 45.000000
[58] 8951.677230 8.745360 45.000000
[59] 9088.775113 8.879298 45.000000
[60] 9225.872996 9.013236 45.000000
[61] 9362.970879 9.147174 45.000000
[62] 9500.068763 9.281112 45.000000
[63] 9637.166646 9.415050 45.000000
[64] 9774.264529 9.548988 45.000000
[65] 9911.362413 9.682926 45.000000
[66] 10048.460296 9.722178 45.000000
[67] 10185.558179 9.588240 45.000000
[68] 10322.656062 9.454302 45.000000
[69] 10459.753946 9.320363 45.000000
[70] 10596.851829 9.186425 45.000000
[71] 10733.949712 9.052487 45.000000
[72] 10871.047595 8.918549 45.000000
[73] 11008.145479 8.784611 45.000000
[74] 11145.243362 8.650673 45.000000
[75] 11282.341245 8.516735 45.000000
[76] 11419.439129 8.382797 45.000000
[77] 11556.537012 8.248859 45.000000
[78] 11693.634895 8.114921 45.000000
[79] 11830.732778 7.980983 45.000000
[80] 11967.830662 7.847045 45.000000
[81] 12104.928545 7.713107 45.000000
[82] 12242.026428 7.579169 45.000000
[83] 12379.124311 7.445231 45.000000
[84] 12516.222195 7.311293 45.000000
[85] 12653.320078 7.177355 45.000000
[86] 12790.417961 7.043417 45.000000
[87] 12927.515844 6.909479 45.000000
[88] 13064.613728 6.775540 45.000000
[89] 13201.711611 6.641602 45.000000
[90] 13338.809494 6.507664 45.000000
[91] 13475.907378 6.373726 45.000000
[92] 13613.005261 6.239788 45.000000
[93] 13750.103144 6.105850 45.000000
[94] 13887.201027 5.971912 45.000000
[95] 14024.298911 5.837974 45.000000
[96] 14161.396794 5.704036 45.000000
[97] 14298.494677 5.570098 45.000000
[98] 14435.592560 5.436160 45.000000
[99] 14572.690444 5.302222 45.000000
[100] 14709.788327 5.168284 45.000000
	Read 1 wind days with 101 wind levels per day.
EXIT[get_wind].
Finished.
